1
turtle
quads
normal: 0.0 0.0 -1.0
1.0 0.9999999403953552 -1.0
1.0 -1.0 -1.0
-1.0000001192092896 -0.9999998211860657 -1.0
-0.9999996423721313 1.0000003576278687 -1.0
normal: 0.0 -0.0 1.0
1.0000004768371582 0.999999463558197 1.0
-0.9999999403953552 1.0 1.0
-1.0000003576278687 -0.9999996423721313 1.0
0.9999993443489075 -1.0000005960464478 1.0
normal: 1.0 -2.8312206268310547e-07 4.470341252726939e-08
1.0 0.9999999403953552 -1.0
1.0000004768371582 0.999999463558197 1.0
0.9999993443489075 -1.0000005960464478 1.0
1.0 -1.0 -1.0
normal: -2.8312206268310547e-07 -1.0 -1.0430819230577981e-07
1.0 -1.0 -1.0
0.9999993443489075 -1.0000005960464478 1.0
-1.0000003576278687 -0.9999996423721313 1.0
-1.0000001192092896 -0.9999998211860657 -1.0
normal: -1.0 2.2351744632942427e-07 -1.341104365337742e-07
-1.0000001192092896 -0.9999998211860657 -1.0
-1.0000003576278687 -0.9999996423721313 1.0
-0.9999999403953552 1.0 1.0
-0.9999996423721313 1.0000003576278687 -1.0
normal: 2.384185791015625e-07 1.0 2.086162567138672e-07
1.0000004768371582 0.999999463558197 1.0
1.0 0.9999999403953552 -1.0
-0.9999996423721313 1.0000003576278687 -1.0
-0.9999999403953552 1.0 1.0
stop
end-shape